-1.930357775481152949e-01 -4.219989355856911262e-01 3.488719191716511681e-01 -9.387061513709913374e-01 -1.726119239628312874e-01 3.170309266113387481e-01 2.914064439157422193e-01 1.175980456416009901e+00 -9.783319546889144291e-01 4.246263104515936027e-01
6.494100794155479583e-01 -1.241262138584134644e-01 -2.857317373570595898e-01 -5.041875529277538570e-01 1.560111346377555108e-01 -2.318755389633721520e-01 3.618153143328348576e-03 4.559943036607860267e-01 2.434688135103842133e-01 -5.670798896006363776e-01
-1.775174301362972828e-01 -2.301706649577870134e-01 -4.936727677165330674e-01 2.862563794911878179e-01 -3.642780879027192054e-01 1.899467166944978913e-01 8.239911368664024627e-01 3.394267232907221543e-01 2.335210223602351629e-02 -3.586129102558381909e-01
-3.938160728218089712e-01 -4.909990689162881949e-01 -4.420964738943597427e-02 -4.511483318787462005e-01 2.269306173574682783e-01 6.003646666240648744e-02 4.089557495927209629e-01 -6.224527081763017028e-02 1.520496106843096384e-01 4.504876798217288258e-01
3.938750883277433168e-01 1.719410859645807352e-02 -1.476880778270621974e-01 -8.302768228593266908e-01 -3.930351822937467876e-01 1.751925863368321568e-01 -8.729143268986405690e-01 -9.931692138996525143e-01 -5.089027344818756321e-02 -6.119401605515177867e-01
-1.547272945633599850e-01 -1.204577318442700135e-01 -1.618994454529796845e-01 2.068119528871962820e-01 -4.887375226971510944e-01 -1.653848108354065427e-01 5.534133716052944824e-02 -3.190114825507159857e-01 -1.506632513510342886e+00 -4.826517283913256406e-01
6.689049954563393019e-01 2.074027165242036674e-01 1.096512985633388143e-01 -6.074681232960102983e-01 -3.019114118639609212e-01 3.401456176501745365e-01 -6.816168214065933262e-02 5.121963873678805346e-01 2.962716661692739728e-01 1.354162664596367804e-01
1.656766219483494507e-01 4.053556939442130580e-01 -5.965562145910993097e-01 -1.436974619872932735e-01 1.740062502998346028e-01 -5.156477433332492533e-01 5.119387505198064181e-01 3.073723077295495987e-01 7.506507676448948008e-01 4.478010987842777069e-01
-3.275235848641101510e-01 1.642459216588090798e-02 3.195136855816592125e-01 1.090094483172390438e+00 1.567280233125317446e-01 -1.156505335844338830e-02 -3.327496199309859515e-01 -2.669509092813639461e-01 -6.007263130353647229e-01 -3.963966389725750994e-01
-3.690144273889000570e-01 -1.862281348887321331e-01 -1.128992277929338650e+00 3.673316589853816705e-01 -1.056252334452616903e+00 -5.708450396906947222e-02 -6.145280535519136861e-02 8.228067730600995000e-02 7.621414626490318200e-01 -4.916996585427529376e-01
-5.655758544289347656e-01 2.422508565441711392e-01 1.987005082707834214e-01 8.840233312783060127e-01 5.189163365817670570e-01 1.844376556682242596e-01 9.323784296808856897e-02 -4.144738959889950891e-01 -6.102667065559578413e-02 2.035770601941574443e-01
-5.908303679693734795e-02 1.528922623041647222e-01 -3.094839373273322036e-01 4.080234977247439443e-01 -5.037737490528083617e-01 1.336626244656958507e-01 -7.270172212720023008e-01 8.053968733863400287e-01 -3.633657656233081346e-01 -4.256837097030527484e-01
-8.646860053094992393e-01 -2.066126780715614730e-01 1.422128779499675921e-01 2.088573513811596283e-01 -5.074443317284384192e-02 7.127863191688968980e-01 -3.642035330257006320e-01 -4.840257684897195101e-01 -1.067787888170938643e-01 -4.707600092414485071e-01
1.329828868353443994e-01 -3.974018981484643276e-01 6.599733514287209335e-01 3.275797240802034160e-01 8.126390880307589326e-02 6.906282564937858692e-02 -1.805343182176496475e-01 1.058997030540262396e-01 -2.551474877304801825e-02 -8.012794992969873853e-02
-8.235078385006978641e-01 -3.002204206973044590e-02 2.413052963650860194e-01 4.041738823974712347e-02 5.926692122226131509e-01 -2.352114882774301863e-01 -4.214165330677575039e-01 4.300360509590139269e-01 -3.390303372281863736e-01 9.380530754517661940e-01
3.209279541110968692e-01 -8.285583572464042534e-01 5.131410706051986459e-01 7.719333373995399539e-01 5.282380790869533049e-01 3.248501394522395613e-01 -6.739109544600964397e-02 2.728996854053012400e-01 3.146349990090244186e-01 -8.605978864832327518e-03
2.785701216429604110e-01 -4.626950340548861562e-01 5.386541601096057619e-01 -2.606053276684724973e-01 4.772820560772900872e-02 8.317497635716137871e-01 -6.070137953408597520e-01 6.660320003101131148e-01 -6.659308531975309808e-01 5.507789895514584311e-01
5.529828288984597329e-01 -1.569544087879337912e-01 -4.015321485177623106e-01 -4.368851350277287993e-01 3.988388657282680716e-02 3.734313730374462237e-01 4.480071661065894717e-01 1.164847286235638935e+00 6.964504223354395229e-01 -6.651262016011001421e-01
2.526082257575894552e-01 -5.226057959243832762e-01 2.170984910375196586e-01 6.007580898824028681e-01 1.939272465761928965e-01 -6.227330518531087877e-01 9.487850087340610195e-02 3.050597572506099087e-01 -2.898334182974126039e-01 2.754287574760840851e-01
9.201009817772040078e-01 -6.462199466018502259e-01 1.540169393444394963e+00 -7.893620786313693127e-01 -5.462999331077429410e-01 4.807153918921728275e-01 -6.219286156062516779e-01 2.716526099186353793e-01 -1.037818011943718144e+00 -8.918302258059318532e-01
-4.868886250548894457e-01 6.177147532202924562e-01 7.888357876068416985e-01 -1.170549001585471594e+00 -3.521045342084200974e-02 4.016845671563861186e-01 -2.164408884374722231e-01 -7.143015794067186786e-01 -4.501875067677648667e-01 -2.605252724039645584e-01
-4.837120156675585592e-01 -1.030459581967169580e+00 1.036812749104897513e+00 2.041907941430984863e-01 1.411479381907391473e-01 5.692598933453023591e-01 -2.654056329510777745e-01 1.743279234384340626e-01 -2.350599915992246935e-01 -5.544662943891531803e-02
-4.174441762646325382e-01 -4.402241525860365878e-01 1.310631464745116936e+00 -7.302040252092922845e-01 -2.078781001843430787e-01 -1.147919312097447908e-01 2.958639735275225835e-02 -4.962818442846634315e-01 2.121691455647077840e-01 7.314656144903747270e-02
2.386990345353393883e-01 -5.351572975652973962e-01 7.225222050206452085e-02 -5.892544476411085697e-01 -5.246188153881801985e-02 5.047574700416602722e-01 3.564811135449743040e-01 -3.361496139626680146e-01 -5.582035635669814477e-02 3.439796352436738647e-01
-1.200055264707915903e+00 -4.703100691169039838e-01 -8.183925456096903528e-02 8.527753660938044988e-02 1.527781058434265517e-02 2.860741652557013959e-01 -4.604162935437437487e-01 -1.484294907536075625e-01 1.524072022777694458e-03 -1.013862511497485963e+00
-7.511209077035079229e-01 -1.617598961003872612e-02 -1.094864738620990596e-01 -1.243683526844176768e-01 -1.188584771170075882e-01 3.876286620643545899e-01 8.520328459125979803e-01 2.100132540369512857e-01 -2.992739177747575918e-01 8.451100444702180914e-02
-1.653327022358570264e-01 9.943634530988984532e-02 8.539651367479869082e-01 -1.903083044302535387e-01 -3.649195418221755083e-01 -5.644582479869308944e-01 3.050856668815313255e-01 3.848855336723233100e-01 -3.157002115034470147e-01 -3.242286659490085932e-02
6.605820173791079331e-01 -4.318671386336138118e-01 -5.028467347635461326e-01 5.377944912170606884e-01 4.940834999452163312e-01 -4.371768759729383058e-01 -8.538259506111773867e-01 -1.164958617418438536e+00 2.307718461280914568e-01 8.761069290865088899e-01
-3.709162359848663382e-01 2.275064233491464749e-01 2.060474258064529107e-01 1.597672481728791838e-01 3.138116826894020162e-01 -2.707343851070956320e-01 4.705072340650247043e-01 5.819457837503928532e-01 3.105506264160519669e-01 6.645083619167969635e-01
-4.691426338639274052e-01 2.743821562914710577e-01 9.380894739470927932e-03 4.687773049346125043e-01 -4.418407900382321785e-01 -2.247115118808075407e-01 -3.016066327981340445e-01 -6.920748289079600712e-02 2.896944031514728790e-01 -6.966054870200060201e-01
5.483047704349140739e-02 1.782556469557890488e-01 -4.620368730634554777e-01 1.246276510522702219e-01 4.048696426000693571e-01 -1.677058592405941129e-01 -5.237114276580037142e-01 3.226796744655481830e-01 -5.321740205038073546e-01 5.258590724918106307e-01
-5.541428647048657341e-01 -6.387802135869752318e-02 -2.625052013218407976e-01 -1.764867504632883777e-01 -2.590081983024111190e-01 3.204940592606106420e-01 -9.219296595002443584e-02 -1.384699465395471951e-01 -4.434489812046802926e-01 7.165160136219672626e-01
1.397865478184160959e-01 -4.261587018538911531e-01 -2.305354801534150178e-01 1.036579662719952832e+00 -5.338319419872630256e-01 -2.095835728801482001e-01 -1.396954102940615138e-02 -1.044804368250499937e+00 -1.348169310031358814e-01 4.532909803281472139e-02
-5.884269966632411641e-01 9.070398640632990617e-01 5.552279919317674173e-01 -2.932603607306108473e-01 -2.146354459203805021e-01 -2.566664618913520046e-01 6.513558920690287746e-01 3.763267670196326908e-01 -4.065117321677344520e-01 9.030951178404763580e-01
9.350726601440860486e-02 -8.903591867325512388e-02 -5.785051342251891215e-01 2.209486728522139787e-01 9.429211298914830230e-02 3.038509118749577742e-01 -2.982616825385083197e-03 -4.192137564027694219e-01 -7.438347800379263575e-01 -9.595730576025303382e-02
-6.808627429483450344e-01 -2.402230055032801570e-01 1.176165469996020008e+00 -8.259195432485213484e-01 3.150166136814475104e-01 1.342178572692072969e+00 -4.650678089137910698e-01 -5.025461368354031677e-01 -3.075758360320738349e-01 1.840747549395089777e-01
4.586592402040127747e-01 2.190998846056228522e-01 1.617204198054438269e-01 -2.299780842606680142e-01 -3.668236143134344651e-01 1.077899937799715380e+00 -7.125981904048817039e-01 -6.793276122460868427e-01 3.490022917325342200e-01 5.310203673754934073e-01
-2.867805129453042667e-01 2.422338276733697893e-01 1.684158357834595776e+00 -1.549764111757755414e+00 -1.158908578206326451e-01 -4.240104176588795903e-01 -8.569213571227454196e-01 -1.473936264437417099e-01 1.127302672432072495e+00 5.871130742198296115e-01
4.884817093549723710e-01 1.672129058809575797e-01 1.591932973111746197e+00 -1.274578068798911445e+00 -1.644630966820475604e-01 -6.128111570335453839e-02 -7.083909274708832804e-01 -7.907193568847727949e-01 1.331636989789132697e+00 4.310757483197289464e-01
-3.251075210655622327e-01 -2.831118117552958724e-01 1.462833774183858626e+00 -3.097870049860659281e-01 4.362762579511112598e-02 -6.533301067958434405e-02 2.382512350437659410e-01 2.049313374844110303e-01 -3.152801669944241270e-01 -4.335946604944868610e-01
-3.511431383141720708e-02 -6.707109185491179071e-01 -6.285990865982037101e-02 1.062817135232349830e-01 -4.063552689091043391e-01 1.017678524591807965e-01 -7.088167263174941501e-01 -5.495285548409000187e-01 -7.254179403959453154e-01 4.664403335630839392e-02
-1.399677586324699907e-01 -7.794497351776262795e-01 2.498468565751831572e-01 -6.334422622951285664e-01 -4.632066735341036634e-01 -5.789538036437413826e-01 2.878015943619269615e-02 -5.167751068552417504e-01 -6.871945076506219552e-02 -5.124410029221744267e-01
1.099219458733033727e+00 6.557647024690017590e-01 2.913446651324386738e-01 1.949945730656660325e-01 3.414727954559213519e-01 -4.925310856708023932e-01 -3.728878783070816438e-01 -6.583846477550664433e-01 1.499217127104415515e-01 1.071872260391451837e-01
5.315069980421165408e-01 -2.994524235150443636e-01 -6.820292102885007202e-01 1.797849203843728538e-01 4.864220801345620071e-01 -2.985573661744193030e-01 -4.560197165176323175e-02 -2.731970137146628730e-01 4.802153503614035035e-01 2.577354927538569318e-02
3.452058802871676435e-01 1.662947365999591920e-01 8.764379757261842041e-01 3.614484598843648588e-01 -5.180827271709663728e-01 4.068338273104343816e-01 4.977484854700540140e-01 -1.174310109319944978e-01 -7.445132115428133336e-03 2.653244444897588372e-01
-2.099502200569763333e-01 -4.170519519072649062e-01 -6.054759716321886920e-01 1.968549156268173742e-02 -4.945582086707233094e-01 -2.427320543476461090e-01 -3.930681654708736983e-01 2.270254860487633530e-01 5.474108925140672710e-01 -2.981152759045115896e-01
5.273973049496606391e-01 -1.948426408575996416e-01 -4.399922490882236803e-02 -5.321151281094720076e-02 1.631754809776864434e-01 -4.219089370460081256e-01 7.250742006141031037e-01 3.296301612450224794e-01 -4.244577733237051009e-02 3.072052950638191546e-02
-1.077051045921087746e-01 -1.839967109286015090e-01 -5.728328812117315927e-01 -2.103102389919046800e-01 4.394824995483305186e-01 -1.581795513377223794e-01 -3.917816995607457664e-01 -9.266516808846906803e-03 1.011248470080290847e-02 3.843514589954041133e-02
-2.052004261276980102e-01 -2.554428771750299476e-01 4.904552483148547637e-01 1.011296946448138057e+00 -5.084754051312557754e-01 4.552305919527406819e-01 6.196235616434934146e-01 -2.508886616361716282e-01 -3.663438182102821683e-01 -2.094845449195564258e-01
-4.644371168219478263e-01 6.331088694058343291e-01 1.671751242383033409e+00 -8.234259843885052277e-01 -3.981043471269391509e-01 4.871387268917620195e-01 -9.609242947992653328e-01 -1.438728454313179306e+00 -3.296429654026772349e-01 -3.615399259420232214e-02
1.435220193613529593e+00 -1.153489859463298517e+00 1.307224264515396639e+00 -1.055350358489863583e+00 4.107955458004408644e-01 -4.642906028803948093e-01 -7.367954517966832650e-01 -1.396130907806924171e+00 9.471560928280267078e-01 7.464504895390827732e-02
2.229910754822452545e-01 4.006760125275292128e-01 1.818477740365714190e+00 -4.765156449290027241e-01 4.114535128388544516e-01 4.020036865565530526e-01 -8.146314005770005640e-01 -1.012814349237363132e+00 9.169720944377816041e-01 -2.238971741721393349e-01
6.399126811104902668e-01 6.495515177493287329e-01 1.171450691834584168e+00 -1.062606458653140518e+00 2.747330147964649472e-01 -2.827826911267489196e-02 -6.993118039895167559e-01 -8.759106174889672580e-01 8.661919340635823028e-01 -4.802850075581954759e-02
6.933300477076879131e-01 -6.174103025993861182e-01 1.351677491643766826e+00 -1.127939350504505889e+00 -4.150858498261428831e-01 4.130865130493941439e-01 2.764794880902318175e-01 -4.515033794578129922e-01 5.357515844530312821e-01 3.628126692280517762e-01
2.269523431492504739e-01 2.201062418301555079e-01 1.661483180272738114e+00 -5.130355306697692575e-01 2.913818558716778084e-01 8.308249452096827525e-02 -5.909262149402878528e-01 -7.507119239884498807e-01 1.345157339775980010e-01 -5.362730404543963880e-02
-3.692737065852869094e-01 4.013236320618968622e-01 2.078665856341533669e+00 -1.214986466021077849e+00 -7.101868108617774844e-01 3.328392011776981629e-01 -6.623572730282625276e-01 -6.405129889420262401e-01 -1.842801524105526501e-01 8.828684848911456662e-01
-1.138979781065567326e-01 4.562147424016925190e-01 1.031073592724431220e+00 -1.455151878318654557e+00 4.410023116739425486e-01 1.260624470191154534e-01 -1.273822299016796222e+00 -7.667785995254894349e-01 -2.527516759954193670e-01 -3.004026332410278388e-01
-5.622959169661430057e-01 -6.420090610082432869e-01 -5.331864819338433259e-01 -1.298972220516031173e-01 2.768859843945701282e-01 -5.523965710682317010e-01 -3.512047638185054610e-01 7.081103657766814052e-01 2.710523205119848011e-01 1.619547772002355723e-01
9.436828239699660559e-01 -5.562387624204313541e-01 -2.273787507546404241e-01 -4.060029128677318244e-01 -2.618376357261593124e-01 -2.651499760540894091e-01 -8.097364446542693051e-01 -1.227590809873103428e+00 -3.870223503684958599e-01 4.475511583769412743e-02
-8.658096652738266341e-01 6.345301383567309994e-01 5.221897302648538242e-01 3.479927192391233937e-01 -1.430347525673217879e-01 -6.314994849526361920e-01 -1.860664917132183738e-01 -6.296441700916459439e-02 -7.423028286485473526e-01 -8.664399603149433027e-01
-2.960385682977265676e-01 -1.007811375878371551e+00 6.375521858297200639e-01 -1.063183700608576060e-01 -5.971788056021116731e-01 2.813919984792171217e-02 -5.665524781512892155e-02 1.436359380774048511e-01 5.323679306631393798e-02 -1.021544197979471713e+00
-5.296718392916457407e-01 -6.408094973354456769e-01 -6.139365702523843504e-01 -6.179339756769283154e-01 -2.290207503018023560e-01 -2.989151876828905485e-01 -2.525738245946914096e-01 2.801157039214902111e-01 6.041754111120076765e-01 -5.364372062354271220e-01
-4.021029585428923664e-02 -5.755608354885514144e-01 9.219061103630444842e-01 -7.009264385326904323e-01 -7.655601984067094135e-01 -8.971539285687499254e-02 2.475273106242356635e-01 2.906318932852750003e-01 -2.068054695797194309e-01 4.981020844322175400e-01
-3.917827736703170527e-01 2.890186514648925287e-01 -4.159635138850902025e-02 -2.493579969394446334e-03 6.872558175836506189e-01 -3.993481998664896726e-01 -1.302656974730155959e+00 -9.069658927901333434e-02 -5.068892409100169555e-02 4.946971342675383632e-01
1.161166080347039997e-01 -7.004933031201482363e-01 -2.153879028253681549e-01 7.376964485333102894e-01 6.594977775350757687e-01 1.321055923336418303e-01 2.994585076770953092e-01 -6.775911193777686137e-01 4.362444034705826312e-01 4.794671529779832020e-01
-1.065673485155944900e-02 -4.126138569285741631e-01 2.391861326469782334e+00 8.478421296246653194e-01 -7.155208668849505349e-02 5.549335007634679240e-01 -4.815583094684145471e-01 -8.784754043935951717e-01 1.612546927100740879e-01 5.172467214343658970e-01
2.643160880639892074e-01 1.600246658288567991e-01 5.046357399497181095e-01 -7.987782383381053508e-01 2.497072044118441303e-01 3.571955054603209168e-01 -5.656018412687131569e-01 -8.428446347783673520e-01 -1.635443212365383092e-01 7.267482624637761068e-01
-7.465000689832305136e-01 2.086363472600915314e-01 1.302153499326831998e+00 -9.411423024748972743e-01 -1.414518239931231713e+00 1.197586936814466707e+00 3.180221796347512120e-01 2.491700493668080885e-02 2.817558882895085937e-01 -3.922437659008731758e-02
-1.466171325015051541e-01 -5.331718826012442347e-02 1.241018892838739340e+00 -5.602889303922672370e-01 -2.532388579192818012e-01 -3.339186726082962187e-01 -1.583672151544712747e+00 -1.161131748571015421e-01 7.459265282980294121e-01 7.498421247184909877e-01
-2.440802428180358641e-01 -2.981973309597708011e-01 1.368646284975764127e+00 -3.456726836793506674e-01 4.277364143483110559e-01 6.139370732635041072e-01 -8.123334499203435088e-01 -5.222350764529066769e-01 5.031522117577429398e-01 8.911496964869575210e-02
7.824099611349530914e-01 1.674669181323273082e-01 9.728166972823271141e-01 -8.667044340160479088e-02 5.798970284273703424e-01 -1.926536419516409748e-01 -5.597271738982838585e-01 3.601956002433601700e-01 7.881726914663013395e-02 5.248701862849857180e-01
-3.864766892144458899e-01 7.742417593886132821e-01 1.389545890050543520e+00 -5.889617174320730397e-01 -6.522166714749212391e-01 4.272681149763724040e-02 -6.695410052999571926e-01 -3.153954927018642884e-03 -6.887858769666510561e-01 9.643446755989533159e-01
8.152417935527377091e-02 -2.731323719849001463e-01 7.724918248922054698e-01 -1.428902193699337797e+00 -2.293805988311022059e-01 2.775539908079761586e-01 -6.736432319928506995e-01 -1.988132442949082090e-01 -8.419776405930742835e-02 2.587275004958515257e-01
-1.892026233803771884e-01 3.161385146450381156e-01 -8.561823730087727777e-03 -5.329028270038561610e-01 4.858699613096249537e-01 -9.889574573870348051e-02 7.010379427882511560e-01 -1.059443769169026300e-01 -1.063139359078881380e-01 4.913952552770773918e-01
-1.233063375220947860e-01 -6.776389436798509192e-02 -4.352127706534824614e-01 -3.081539561924485637e-01 -8.515121145610943937e-03 3.234411394790515787e-02 -1.309996423981877323e-01 3.729731777594575415e-01 -2.526565114544108634e-02 -6.552042749713397063e-01
3.168761017819725634e-01 -1.674147733182183018e-01 -4.717420858439267950e-01 2.443602725141270082e-01 1.916352002645594910e-01 -3.183855768761003485e-02 -2.161074764465591436e-01 -3.519723173519628268e-01 1.539046349207264242e-01 -1.798186632467195789e-01
-6.629369139515483011e-01 -6.554399831449151392e-01 3.054304135084914273e-01 -7.623159511891267615e-01 4.894761070628714933e-02 -6.479612182484658645e-01 2.631428819927419949e-01 -2.931952054522999826e-02 -1.354156520308334166e-01 3.507769126302404117e-01
6.307138581358727736e-01 -9.443658334778200214e-02 2.959870997057776915e-03 -4.594623710157604846e-01 2.335135962364159323e-01 7.348718178347766194e-01 -1.088320754656002309e+00 -1.120577514832453048e+00 7.496096974301469373e-01 -2.461330727565325116e-01
-3.616359617317913000e-01 -6.294683602561301772e-01 -5.539230881151224056e-02 6.065241735958259994e-01 -9.400433882655543846e-03 -1.309096703187420385e-01 -3.874247547768477906e-01 -4.594660486480756645e-01 2.450208665542641939e-01 -1.431026578541960692e+00
-4.404820362945950918e-01 -8.611072489781236572e-02 -5.956527610803666883e-01 3.128616191788624046e-01 3.616067986450443028e-01 -7.169431097291368848e-01 2.629645382981631307e-01 4.360929695912860726e-01 4.860671188882909055e-01 -7.256623653874549884e-01
-1.145507092030072949e+00 -2.701349982202747024e-01 2.674024996346128225e-01 -9.637362509427028767e-01 4.089574016774386034e-01 -7.682506218616182159e-02 1.269985510110624438e-01 8.965667696730905689e-01 -8.335381989810867198e-01 6.146959667304880554e-02
4.302278957038893625e-01 3.099328908683783301e-01 1.077824725238835990e+00 -1.802386864510835407e-01 4.667442843394051799e-01 1.120786106438155905e+00 2.753252744402422403e-01 -1.143809354654444554e+00 1.125899718161547103e-01 -3.941667118938859127e-01
-4.150328447827022482e-01 6.948181585985795383e-01 9.954973377025777559e-01 -9.293276280445753601e-01 3.792463669336439969e-01 5.472178751580920597e-01 -9.891293840897121825e-01 -6.145774277477983327e-02 -3.430290477889397227e-01 -5.508835509375120676e-01
5.195141223089911886e-01 -2.600819769196721382e-03 1.109451993382284396e+00 -8.014753566324412937e-01 -1.199010342897828929e+00 1.331151750337741246e-01 3.260411582079553172e-01 -1.624090553547120619e+00 7.738735912258976057e-02 -5.432772954412423694e-02
2.296775783879770605e-01 2.501110711526096098e-01 1.822566519689823528e+00 -1.418261534582593852e-01 -9.283362348562941291e-01 3.101617280599236470e-01 -6.824971807654156564e-01 -1.184394565677273081e-01 -1.003449507164558552e-01 4.335150054160686883e-01
6.104584129860798208e-02 1.978133804343323310e-01 1.406371051458834787e+00 -5.196883268495605668e-01 2.027154374988303365e-01 -6.914143630376745620e-02 -4.698143246106890603e-01 -6.232756789763403971e-01 -3.774796738678271729e-02 7.771183773161300934e-01
-8.481900799750574649e-01 -3.619980410390017389e-01 1.445927974690405238e+00 -7.794805596344027698e-01 5.608803877000804183e-01 2.724524374119855485e-01 -1.194407143849014696e+00 -1.091443318249295524e+00 -5.253258976757312348e-01 2.112799214362002242e-01
3.198762253817088452e-01 -4.871156854119093049e-01 1.804367103902490221e+00 -7.502309868834656781e-01 3.254564927188292600e-01 -3.461979481316508345e-01 -1.065143490143950045e+00 -3.907429857225818148e-01 3.059810966494044826e-01 4.165888079614840644e-01
-7.414918032167698847e-01 -4.747656417975668758e-02 2.045956564682256396e+00 -5.806436941304634614e-01 -1.141790699766255024e+00 8.032388962832553991e-01 -6.550903357821937778e-01 3.265983342744720463e-01 8.157237612924284065e-01 1.199681584837390957e+00
7.260639909347832432e-01 -4.758533603854499527e-01 5.652442722585570012e-01 2.851544031651987443e-01 4.402095411625869120e-02 -3.479783158264507792e-01 -3.172471386543552208e-01 1.255945553694442773e-01 -5.134762372596659574e-01 1.752578456747374003e-01
9.257532726310574792e-03 2.868694677214455591e-01 6.934291105432092150e-01 9.695329032367784317e-01 -5.894114325396776488e-01 -1.285575164461775222e+00 -6.426103733745432145e-02 4.023266954584551192e-01 -1.837498647440767297e-01 5.333574377784939813e-01
2.689132341084898292e-01 -4.100280028288186829e-01 3.419269503120674347e-01 -2.961704488044288874e-01 -5.333186791505633018e-01 -4.246481444069731825e-01 -1.770662155240546043e-01 5.812421565078992325e-01 4.705473411014857721e-01 3.185043859055675108e-01
3.846295584634504827e-01 -4.500340418042935720e-01 5.326724648662853889e-01 -1.982104934748382674e-01 5.568832502854529493e-02 1.561631016001368555e-01 2.504661152283366166e-01 5.937810196533066520e-01 -5.497309643987442485e-01 1.867982094676756133e-01
-4.253206900264286938e-01 -2.721161647836810027e-01 -4.503051236261824686e-01 2.845511687597177541e-01 8.581228277182008368e-02 4.251601211404832381e-01 -9.321873249334378109e-01 -6.682139251185106876e-02 7.263529995204400791e-01 1.449193244039119477e-01
2.945016645209089790e-01 3.222134096910480583e-01 1.892445428551631226e-01 1.052344814714144094e+00 -2.497847933282229815e-01 3.687454666177346074e-01 -2.155265730908002275e-01 -7.562343700401233382e-02 -4.306397564018392757e-03 -1.641158873543191732e-01
7.298728533612922065e-02 -1.149539427061896379e+00 6.562498651882400866e-04 -2.654805209374725417e-01 -5.521076489258884556e-02 3.995186403895425453e-01 -2.576707522553782770e-01 2.601266831039321104e-01 7.674999438500543780e-01 -5.281850522339230636e-02
7.236913333719113828e-01 -7.204020507438937404e-01 -2.852246147851583147e-01 2.715694556816340421e-01 1.951558379670516666e-02 6.036732991268444204e-01 8.931500230272961804e-01 -3.268728781894695845e-01 2.620277090746467308e-01 1.039614527074692596e-01
-3.035911344597995165e-01 -6.734335059225458053e-01 2.145337214490936617e+00 -5.171887953048514008e-01 1.122978344210970647e+00 6.067910303319530296e-01 -1.922526756404063342e+00 -8.085966465438498840e-01 1.953418529291121308e-01 7.144503700740094665e-01
-1.411215854374597400e+00 -7.156494659575325379e-01 9.687188944855666950e-01 -1.054845116719795861e+00 -1.480976619446356113e-01 6.688849382517219055e-01 -1.837716257204533576e-01 -2.330775919279091668e-01 -1.864962267586997846e-01 5.199484961245249837e-01
5.560522794165039251e-01 4.505806883356052589e-02 -2.875647183762031212e-01 5.488781900349587461e-01 -6.197904692434622609e-01 -1.381205305188759613e-02 -1.564359405246182444e+00 -9.675385807300623808e-01 -1.912012764664488829e-01 -3.233220919880411270e-01
-6.317289421407317196e-01 7.491637781577176192e-01 1.297479449875531765e+00 -7.114505231050533007e-01 9.060762299191463809e-01 7.448045668039990908e-01 2.251004387761004200e-01 -4.316978854200381188e-01 5.425726800351734491e-01 2.466096243573005498e-01
4.922602487613463307e-01 -2.035725169563301074e-01 1.277711632576351564e+00 -6.233808302446740557e-01 4.310024364534025820e-01 4.935757531727651415e-01 -5.353383776287313767e-01 -3.197136594723090086e-01 2.929661551685971421e-01 9.766345516131820226e-01
-1.243000993825134487e-01 -4.207865355313102351e-01 1.410277687072894137e+00 -1.011220476691956138e+00 2.544637873719678423e-01 1.022601303154584140e-01 -4.265299126431306709e-01 -6.307186303401092209e-01 3.792155124523672871e-01 1.697948491330441012e-01
6.825936149799353148e-01 -5.870470762343923399e-01 1.206602274130225361e+00 -6.952281685215480067e-01 2.316156263609892574e-01 4.576945602579870487e-01 -8.612568405647078595e-01 -6.146491426357085786e-01 2.277567000827080412e-01 8.418790243982260391e-02
6.035187104443269224e-01 -2.807309290235317500e-01 7.049000790989004006e-01 -3.106593378608479838e-02 -3.419534360855928101e-01 -7.747803374449117042e-01 -1.266156464849200747e-01 -4.209448221846407989e-01 3.959510145603131193e-01 7.724733009896124214e-01
1.753682411889259940e-01 -4.138959286610022215e-01 -3.255270534140117245e-01 -4.959388511641840691e-01 2.504458666700435168e-02 -8.516503124213301024e-02 -4.710181889735959859e-01 3.515964035082546624e-01 -1.649169100832945101e-01 2.294368126215712289e-01
-1.297812551410308102e-01 -4.421020420731548439e-01 1.824106160560754197e-01 2.168264742777359921e-01 -1.536180610351117748e-02 6.599825401591912222e-01 4.404731058792279441e-01 -7.127393270558539384e-02 1.450490316451306327e+00 -3.227518531340980990e-01
5.491096812215012779e-01 -5.423824349768756603e-01 -6.817353367127759745e-01 -1.849856792182053289e-01 -1.953335022668853393e-01 -7.801931264607886614e-03 2.225540593458425476e-01 -1.279570351343909673e-01 -2.472211642697721978e-01 5.726093530789596597e-01
-3.328483151936507123e-01 1.577061608811377302e-01 6.842257765449195617e-01 9.710614081036068601e-01 -5.456428911377864815e-02 4.143193537010477767e-01 7.418509391119019192e-01 -1.176265070229624704e-01 -1.873661970042676261e-01 -1.154761984852215907e-02
-6.512552178419286353e-01 1.142903385582231673e-01 -5.539038835227668746e-03 -8.053612200213897676e-01 -4.040040485940430970e-01 -6.152517201756940723e-01 7.989428948911699857e-01 6.700712566742604848e-01 -1.496765139178983239e-01 -2.321646762419033172e-01
1.104591805831402762e-01 5.882388624395724630e-01 -1.559015008128161184e-01 -2.876116036874637460e-01 -1.090913906575496084e-01 -1.227943054789437438e+00 3.391166310887959168e-01 9.908507046570430576e-02 -6.117634186836280047e-02 5.139722042505213279e-02
-3.693357225136392752e-01 5.374454520987257539e-02 8.588340864892322069e-01 -3.362318777567203654e-01 6.421995666356022925e-01 -5.950632508080004879e-01 -4.727658715329598887e-02 3.669156030765442084e-02 2.071972543214669338e-01 -2.831604992566265078e-01
-4.318704252450146774e-01 6.142598243000311209e-01 -6.514568177841191521e-02 -6.388322414561285745e-02 1.000577923585016099e-01 5.579428564978671234e-01 -1.874236864998084784e-01 -2.588609710323703239e-01 -3.718969851163308159e-03 -3.763347715600033894e-01
-4.237495183533988019e-01 -3.572920501684965777e-01 5.862663147360286375e-01 -4.436917925305398080e-01 -6.604972742990731227e-01 -1.840672575680944167e-01 4.569606464856333927e-01 -1.382129983372057114e-01 -3.830647232288906801e-01 3.407390904725878661e-02
1.616673021998484283e-01 3.377618896673628135e-01 4.242201311568794542e-01 -1.115661881360078267e+00 2.045334946461124792e-01 7.046700659380211729e-02 9.825274848130827882e-03 3.212620178186921804e-01 2.621198324396881718e-01 -3.736346421193962319e-01
2.032398147646143349e-01 -2.693486756939929005e-01 2.057189442080173514e+00 6.320929013568665766e-02 -4.047953101979895885e-01 5.809701314129402938e-01 -6.454298683810184567e-01 -6.159473278716021127e-02 1.112307262658515927e-01 -8.224203213144765101e-03
1.459341319886805211e-01 2.047908131194730585e-01 1.730222206740202218e+00 -1.212950508542412820e+00 -4.731854545015029556e-01 5.419666234145764649e-02 -1.052568440135270178e+00 7.605937389697137174e-02 4.103039251312003421e-01 8.537835861825373573e-01
-4.144069451638661139e-01 -7.634732717780204903e-01 7.546373017939898009e-01 -1.188475057211860753e-01 3.550499184722571422e-01 -7.732639575584876468e-02 -4.926304534945952218e-02 -9.260957783006609212e-01 -1.486310568548521449e-01 -2.744600860860965663e-01
-7.778562687045151858e-01 -7.689133992753165170e-02 9.148455983192493868e-01 -1.358098216806081115e+00 7.927973168476874777e-02 -3.364056347524311263e-01 -1.221127164938941911e+00 -1.131586511198280132e+00 2.778389527379880597e-02 2.058138610685378844e-01
6.308696568365588231e-01 1.295593803910456421e-01 2.234930942069689730e-01 -2.517197865002593904e-01 -3.264406683424721928e-02 9.418393060070523459e-01 -2.593155107826334294e-01 2.321611398625219869e-01 8.264423977699443882e-03 6.343630747822843752e-01
3.173906202849361424e-01 1.153900954168170373e-01 1.035878201287552702e+00 9.066729105632048702e-01 2.513258845356936555e-01 4.506341794264850931e-01 -2.934518612884991495e-01 3.428670896965791415e-01 -5.162314152262992284e-01 9.478423236523118023e-01
-1.545614292363911291e-01 -7.046102528067384185e-02 4.171874528673939764e-02 9.509615800570726529e-01 -1.032361972086156959e-01 -2.743534516758605046e-01 9.756700262575324079e-01 -4.791646517453688747e-01 6.724750860148186460e-01 -5.649516966227285941e-02
-1.019169408434354995e+00 2.721264164554273446e-01 -1.441260061638054979e-01 3.459844519289694692e-02 5.365405083593972613e-01 -5.746539034676743096e-01 5.658663962143078985e-01 6.360603325193666668e-01 -1.961674973894755175e-02 2.913684934139834648e-01
2.333844355843692209e-01 2.290615863207386138e-01 -2.639118737163275580e-02 -6.803787666550328295e-01 4.214345404886569724e-01 -5.958316187811525388e-01 -3.435014722139405063e-01 -4.141505734942731859e-02 -1.253977557042179336e-01 1.326720045201650544e+00
5.607747812939917198e-01 6.824371417825180197e-01 6.880938837508120409e-01 -1.544073094037046734e-01 -9.682764308773504913e-01 -1.892013950236529907e-01 6.822386814421031731e-02 -3.395774339947161269e-01 1.783628958432780243e-01 1.510682182985807198e-01
3.381107294355419901e-01 6.043054416822369115e-03 1.198437841502202783e+00 2.021989873905805646e-01 3.052515443197207357e-01 5.020103886519473591e-01 3.884059087979202518e-01 1.267073922359434335e-01 5.327757652789919529e-01 9.464117593321123845e-02
7.225944823809825612e-01 3.034218765623940550e-01 6.586191496081980068e-01 -6.866564612648708987e-01 1.905378123337846119e-01 -6.542026333345364597e-02 3.245448020452441629e-01 -1.619941608128456015e-02 7.656432873244491955e-01 5.977306576600942556e-01
-1.159893923588214970e-01 -1.341607568689641150e+00 2.071753377986002564e-01 -4.675606278216345446e-01 -4.146396150787229340e-01 1.505674497346818630e-01 7.207341840167992286e-01 4.957966224732091587e-01 -9.888644549779062043e-01 3.344116034240117163e-01
-1.784444983528132855e-01 -6.479892538477334263e-01 5.564285498959712362e-01 -4.730930854490674742e-01 9.821627873217196880e-01 6.716096196289761400e-01 -4.439373436151063806e-02 -4.892662981077695594e-01 6.091938476369137545e-01 -3.526258393106462830e-01
2.743092849952322165e-01 -3.903416003522637845e-01 1.456080042216429060e+00 -9.462688893827824604e-03 3.452209131526532415e-01 4.938801791047728873e-01 -5.296827216292447904e-01 -1.128331535828830667e-01 -4.553778346732153537e-01 -9.031977527255633520e-01
3.895632289796491232e-01 -6.628480353422955794e-03 -4.357547197602888445e-01 -9.467182490174592957e-02 2.680124111514825547e-01 8.518388796946112229e-02 -5.550845235081923457e-02 -8.848163701566877926e-01 3.442475146981521239e-01 1.508767616934645062e-01
-2.873998406772859115e-01 4.808738349158148129e-02 1.296765833008199698e+00 -5.967291377533359142e-01 2.083596064570897577e-01 1.141650269058842870e-01 -5.646071144789459595e-01 -3.611453338965453508e-01 6.087396887039192572e-02 1.850107019983004975e-02
5.786101522966376198e-02 -4.174927800084703988e-01 1.247114574064986270e+00 8.422290847220870180e-02 -4.846320728215246926e-02 -5.648989266837034506e-01 -2.697373026837862620e-02 8.201388448815492005e-01 -3.570746933264882794e-01 -3.853136051046919808e-01
1.906350174852068369e-01 -4.330506644085833079e-01 8.167332960648274742e-01 1.376552288408494640e-03 5.212957755680296124e-02 4.381498952300091343e-01 -3.609298536945268476e-01 -2.430801302984449963e-01 3.453006715064042553e-01 1.444313644593860912e+00
4.828170429805225261e-01 9.768320739854194912e-01 1.706349110100768396e+00 -7.903768781155784406e-01 -5.499419790930496488e-01 -2.718741605837451392e-01 -1.897754634374762550e-01 3.717048823042855554e-01 7.062578087226345502e-01 5.816176888891746444e-01
-1.525215129647740919e-01 -1.103182998552927119e+00 9.129414971727184414e-01 -1.290806906833087964e-01 4.152244592421933667e-01 1.196988289935062844e-01 -1.817917158375206566e-01 7.039072404168019714e-01 -2.107475064025352007e-01 4.429988392856980539e-01
1.759089878526491346e-01 -4.148852332099101092e-02 1.389107494006613930e+00 -5.763286039519218695e-01 -6.272921541920509769e-01 -5.201696517781808637e-01 4.614859441871233536e-01 5.955152740382110149e-02 -3.109529798520859201e-01 2.935798864156693444e-01
1.735315155799699305e-02 1.559780179856367147e-02 -7.647304063033244503e-01 9.005019981617837788e-01 -4.703021279819661338e-01 6.456895612063163759e-01 2.638468487309243438e-01 3.301463314602176569e-01 8.638986156776091718e-01 -4.338576538154678697e-02
-2.786610614033680489e-01 2.464886950968523116e-01 -3.857239617034752821e-01 -3.573303242825874304e-01 -2.139751706164636225e-01 6.012953530463011065e-01 5.604326507337069607e-01 -2.237883276014798473e-01 2.155524708631794684e-01 -8.460796671740022923e-02
-4.776267661947933840e-01 8.306616657824213157e-02 4.105832836029270627e-01 -6.477067570038671507e-01 -9.215465797218399535e-01 3.167183087944587250e-01 -6.775958778904082047e-01 -3.471243682826467142e-02 1.134265876091479358e-01 1.307902212609258985e+00
-5.946751779472879418e-02 -5.370655147121964346e-01 6.619499088303063550e-01 -4.211375051980524864e-01 4.070128398291490979e-01 -4.011482878345672964e-01 -2.894216963031004952e-01 -4.690807165700284775e-01 5.990024799936995992e-01 7.134203171087610817e-01
1.388529666267726836e-01 3.577973679660271800e-01 -9.409251581651137397e-02 -1.408660056826210649e+00 -5.592337518972237964e-01 1.941171395671838218e-01 -4.244814131861173179e-01 2.305382070057437546e-02 -1.000600661318729712e+00 5.506023801470962820e-01
-2.099801085387860977e-01 -8.250346042925384982e-01 -2.389064220557796936e-01 1.159618951074418702e-01 -2.158898661100961403e-01 -1.874244671169621179e-01 4.118633896182252729e-01 4.749370625712732719e-01 -1.019922178181016936e-01 -1.755597503448931285e-01
3.848195386028130938e-01 3.372596482491513892e-01 1.019100629259654500e+00 -7.886242346733042252e-01 -1.223082668365874509e-01 -1.000438600159620162e+00 5.503052655669381510e-01 1.194791008842840813e-01 -6.648532060716511038e-01 -6.039871684806114027e-01
1.537000175349946887e-02 -2.897633494760804528e-03 9.846686776980893008e-01 4.856166915415506269e-01 -4.815239019295629135e-03 -2.229051519100205825e-01 -2.585111256071204733e-01 4.546257706318322933e-01 2.043867787068650299e-01 -6.221997703710591132e-01
7.930761409080213653e-01 -1.004164137850566824e-01 5.759282295177039351e-02 -1.810403108421777471e-02 4.383713401802443732e-01 -1.459757792873853655e-01 3.900726969720778037e-01 -4.759976329692083841e-01 -3.379611108549372966e-01 3.659413981621222056e-02
-4.333798721231242879e-01 -5.655545183087977712e-01 3.238414570117089109e-01 7.884177117068362495e-02 -4.483045637808656392e-01 3.077678294217059407e-01 3.047070380645602178e-02 1.454426286639864119e-01 5.826572876145014179e-01 -3.614809799489333009e-01
-7.150895218355433902e-02 1.029972529129366876e+00 5.435899978436743718e-02 -4.513149899414273247e-01 -2.157854237773035866e-01 2.112786913158998803e-01 4.744173626415335021e-01 -1.377542891776086520e-01 -6.545089208641689457e-03 -6.669963914490972812e-01
1.875604981266068907e-02 2.700944789895820541e-02 4.023776218315567310e-01 -1.563562196335719634e-01 -7.885163192315919334e-01 5.885810001113320755e-01 5.605673258529603881e-02 1.809845354403834539e-01 2.609107918253598113e-01 -5.613026893179586807e-01
1.188104147945601152e+00 3.860213194645956691e-01 4.734150476245252773e-03 -2.406907180888512854e-01 -3.683254250877907587e-01 -9.677040479784405624e-01 5.345620349919576186e-02 5.493541920575329730e-03 1.258673425854378025e-01 5.020246916693673622e-01
5.365031366118774292e-01 -6.250274232140670128e-01 -3.218098144996192622e-01 1.249704605570368943e-01 -2.836681610682207921e-01 2.073154645732025736e-01 2.336361761664374759e-01 9.397851592285333400e-02 1.804474001667562277e-01 4.302260174981731300e-01
1.005937497145747012e-01 3.557932995281711808e-01 -4.788903359026969175e-01 -8.575391537721555046e-01 -1.925296438197291737e-01 -4.540045501336452682e-01 8.688523363757159057e-01 -2.511398786534104755e-01 -2.713093438123913570e-01 -4.898035193180492186e-01
-9.641166621060419731e-03 4.021796008817585810e-01 2.145299719829088791e-01 -1.444052436382445015e-01 1.309971442644974338e-01 4.414849276340189199e-01 -3.000428839863397701e-01 8.943592172042134081e-01 -5.091182540657297473e-01 -5.059645041140966581e-01
1.096748202260407756e-01 -6.534953288301135199e-01 3.138312757148186694e-01 -6.623086505060197249e-01 -4.135300323265774791e-01 -6.381166546002630113e-01 -2.830053830864154296e-01 7.871736491063195951e-01 8.047877475977627260e-02 8.149082815693632353e-01
-1.214171207394634383e-01 -2.000362839714310281e-01 6.125818717967989047e-01 4.239654558421776520e-01 5.273319538131266970e-01 4.480550888987094860e-01 1.652906959833284894e-01 -6.845135783077876956e-02 -3.911948693382982789e-01 -1.142517817934820129e-01
2.586809386597941351e-01 9.364195326404965991e-01 -2.199701371905281033e-01 -4.084104054300843334e-01 1.178055246805491674e-01 9.015283209944423282e-02 4.801301834686883679e-02 2.680407401281194590e-01 -6.798627769114365949e-01 -9.323955321868958590e-01
1.195947259631108123e-01 -1.642056508208996346e-01 -8.681549458775777994e-01 1.335921436723402467e+00 1.342593531644868721e+00 9.611252416644586738e-01 -3.896897478808790671e-01 -1.936341674606451291e-01 2.770105969266897783e-01 -3.390679307465123693e-01
-3.244766400894908420e-01 2.169026889589537738e-02 -7.245060819933517304e-02 -3.421529662095939561e-01 -1.140260185003102889e+00 5.613557076136646007e-01 1.785782080620822998e-01 -5.642183278456012197e-01 -2.008558678408056686e-01 1.425176994947991993e-01
-1.848380699270162908e-01 -1.457219176438349049e-02 5.584082405285313300e-01 9.941041776552117515e-01 3.361098788059276310e-01 4.154249956051928594e-01 -5.279029629503876331e-01 8.429812720396320236e-01 -1.103155990781565926e-01 -4.663537491014783098e-01
4.252835755496870429e-01 1.497174900402977737e-01 -6.031070376779023023e-01 -4.306285892677528399e-02 6.401889409652364304e-02 4.793124139082526880e-01 2.512543821006587574e-01 -1.943623063512564808e-01 -9.939072633463236217e-01 2.305261965234247507e-02
-1.645752283630306234e-01 1.705309748657075075e-01 8.425211137654340376e-01 -3.057868913827653523e-02 -6.488064853033582990e-02 -2.089850255741683704e-01 -5.059316476752767633e-01 -5.158294498834452568e-01 3.185194008371980412e-02 5.806122544035635658e-01
8.355560660365677350e-01 -5.017261923351430397e-01 4.725393295957746043e-01 -8.899993738054542414e-01 1.450846837792818533e-01 2.280241243378399729e-01 1.926054446582682322e-01 -2.546855898742018676e-01 -4.243549083972723568e-01 -1.344968779669100667e-01
-1.031691274287746679e-01 3.218792387530512999e-01 3.870494345826350768e-01 -4.284845421665931520e-01 2.884260415724053048e-02 6.138610295235837760e-02 -4.392090333157957494e-01 -5.179233612926283786e-02 3.872105328406569291e-01 -6.051776805928115177e-01
-2.530709388934677673e-01 2.183289577450350238e-01 -5.134028943258590605e-01 1.951196016728333760e-01 -2.002678425886305624e-01 -6.120099479866346615e-01 -4.520336400842567826e-01 -5.116657969791831295e-01 -9.023702365175607920e-02 3.085213908191298260e-01
-6.035206245181700124e-01 -6.224490312612317444e-01 -1.014829694526788284e+00 3.956040990504212096e-01 4.558041820859101700e-01 3.522446266871006593e-01 -9.487533817979713069e-01 -5.611553139074965113e-02 7.509338491146071159e-02 -1.043739527328112704e+00
4.266454668261897565e-01 4.016441098176038449e-01 3.244291172842133086e-01 -9.967049906832058104e-02 -1.107314321536705393e+00 1.716986138608555257e-01 5.610695386814458230e-01 3.470429782489472537e-01 1.147557987332685769e-01 -6.905669624932558870e-02
-2.826957062167257395e-01 -1.452100982204954649e-01 3.747505253617740562e-01 -1.431753505011142819e-02 6.695028510771239283e-01 -8.419055183664724273e-01 -7.828947156016208275e-01 -1.453275039063383067e+00 1.258335530717117345e-01 4.028918821675755990e-02
-2.099066167051802378e-01 2.445146228305439956e-02 -5.755680665538546320e-02 2.370351381602960744e-02 1.062864663811857908e-02 -1.923434678924986485e-01 -5.977740223758938320e-01 4.047468915006416368e-01 2.823803993342908214e-01 -5.820712594314289001e-01
-2.724145245788206493e-01 4.375452610841940593e-01 4.642193246082059188e-01 -8.248948868618757313e-01 5.546684493801762317e-01 -2.973214596564928147e-01 -9.239616577566413247e-02 -2.725781970232360463e-01 7.347479466441819707e-01 -3.973993064806204401e-01
1.974528263011287796e-02 4.590648472607264385e-01 -4.480941064707752441e-01 -1.081823903539562842e-01 3.760487227160888568e-01 7.180679500287137085e-01 -8.836383169114092606e-01 -2.331386109047653976e-01 1.102757575329874201e-01 -8.352283335070421755e-01
8.799113108091525248e-01 4.567783484201758393e-01 3.284159951601011151e-01 9.865111662542100923e-01 8.162576591026275974e-01 -1.013745846960489166e-01 -5.740736982725654913e-01 -6.794987619756420738e-02 2.226312605077428522e-02 -5.146072940643303673e-02
2.227917716336081100e-01 6.882860597528234203e-01 -2.051747896714689823e+00 -6.718489523277836328e-01 4.735569387388196549e-01 -1.356128645884261685e-01 -1.507905982613756635e+00 -1.199501600371719046e-01 4.978446534609281549e-01 4.537143867178849987e-03
5.219523492110613727e-01 7.957628997033684426e-01 -8.083411877899049358e-01 4.324012679561017869e-02 7.845708507092068462e-01 -4.866654944382298176e-01 -4.713575264424481048e-01 -1.096586957201251211e+00 5.400683314078826847e-01 -2.747493693682664384e-01
1.996848555017664562e-01 5.329723337895733160e-01 -1.552403975887429066e+00 -2.691149118330876666e-01 6.637379106756227110e-01 4.658765836299860741e-01 -1.696261703527612630e+00 -7.501540626102620735e-01 -7.521866568739318110e-03 -1.090429277798051100e+00
1.348738407315275833e-01 2.098156151602096897e-01 -4.434884957144441531e-01 -1.790549739559954556e-02 5.328932035276032764e-01 7.225153821536167698e-02 -9.775718336953191923e-01 -4.225186149870280294e-01 -7.015392276163561203e-01 -1.035722828588877542e+00
4.320228378652375967e-01 -5.735086467259837839e-01 3.417625617564136464e-02 1.691448176878667387e-01 -5.104706151128760028e-02 -5.644237941630338845e-02 -1.256800090070978732e-02 4.134117764191838629e-01 5.725101118302983183e-01 4.797215534725306485e-01
-5.256706580038773141e-02 4.406080095569290811e-01 -4.136051812191371968e-01 -6.519949405534337661e-01 1.690368466168166994e-01 5.896376007538211006e-01 1.252591141087928461e+00 -5.615335683939742806e-01 8.509470907338341494e-03 9.686143822093071232e-02
-4.421601972109008849e-01 -7.526317995533277072e-01 -4.823273678341227777e-01 -1.256677473781447341e-01 7.537031629815568179e-01 -1.122806708901181505e+00 -3.591614260283962357e-01 -4.195855238172961355e-01 -1.293916409562016756e-01 6.623536413030057801e-01
-1.164621301693905986e+00 2.961012389364408026e-01 -2.842750345253786670e-01 -8.279544032072048143e-01 4.388739505036194921e-01 6.000453901222186914e-01 8.719894327704630355e-01 -5.832118167352297045e-01 6.189227260949581311e-01 -5.683438509638895075e-01
-5.289065488787812047e-02 3.255090040009222530e-01 -3.100134301183909424e-01 -3.055510648830958575e-01 -3.698187576263283205e-01 -1.633093730449029501e-01 -3.283642450922936162e-01 3.009541329997713621e-01 -5.169464986606500112e-01 -7.854563472164012294e-01
5.517588189068909355e-01 9.430566675215772132e-02 -3.028300708760155446e-01 5.788320516576026531e-01 -1.279592002411561180e-01 -1.971915032596206485e-01 -8.298168781566139796e-01 -1.756782710985482776e-01 -1.951622892694927823e-03 9.289156474940495345e-01
3.754129105052040893e-01 1.427838870309702524e-01 1.408134725937432608e+00 -1.652295259013536466e-01 8.493938042240013475e-01 2.483649262457317541e-01 6.441635680766396588e-01 -2.224810974762293780e-01 7.516928357769249447e-02 -3.550711415767630608e-01
3.791309416967876822e-01 -2.996983302351713396e-01 1.981734554659721481e-01 -5.726172411171571719e-01 4.442651478468781501e-01 3.440229256456189821e-01 -2.638862983537758056e-01 9.575025977446101066e-01 -3.754131325086350612e-01 3.932801438872381844e-02
-2.802826082038951117e-01 -3.870795138459398599e-02 9.697520976056079878e-01 -1.359412425629309140e-01 1.563545657211704853e-01 9.313471060937407175e-01 2.923752700352117984e-01 6.852708982723131337e-01 5.365505347783431356e-01 1.258624364747733537e-01
3.689424132659641087e-01 1.101735415895340256e-02 -4.150639136985975058e-02 9.497341524794847833e-01 -4.324345175365281596e-02 3.652424984168189948e-01 -3.486211239328164679e-01 6.912396708544207291e-01 3.075287650124592376e-01 1.435238401327725843e-01
2.714057200707367667e-01 -7.122321431851167395e-01 2.834126751510337994e-01 8.028130023174961938e-02 -1.909978562389909873e-01 -6.247230994846098007e-01 6.712724943973549241e-01 -9.954576412883541225e-01 -6.677140144552191625e-01 5.088635773089845715e-01
9.328507737393576527e-01 6.288119806448310145e-01 -6.746753400667023781e-01 3.040261937913359414e-01 -2.248297469966089035e-01 4.017349591829663114e-01 -1.123585758226457676e+00 -2.917977123292652131e-01 2.291229858868593927e-01 -3.738934415933671818e-01
-1.752132401780996940e-01 1.413898004347423187e+00 -1.362148268128350326e+00 2.808212188145073895e-01 -8.382487006465544344e-03 2.198969490673651217e-01 -4.071057395188021344e-01 -6.101079270732232551e-01 3.679384668435855543e-01 -1.415411984288884872e-01
5.692419693507158041e-01 3.115275932707333162e-01 -1.793416634734767534e+00 -4.154813311806193621e-02 8.272176551546717160e-01 4.873416513959211716e-01 -1.015697190475475464e+00 -6.193116392580801932e-01 -2.533801740679698100e-01 -1.949978781674059913e-01
1.368824933602119209e+00 1.387590909219493795e-01 -1.625396864910959582e+00 2.270204101275261066e-01 1.728043303330624170e-01 3.761414786461399484e-01 -5.222191487289967737e-01 -7.514041832957625289e-01 -2.490598784560773826e-01 2.471052719012087340e-01
-5.911524645515908727e-02 4.384983308699591520e-01 -8.543212501061134834e-01 9.622819744571546874e-01 9.159150222688881016e-01 -8.414833299291751834e-01 -7.674655679048054679e-01 3.033471187584524387e-02 2.420878384984138376e-01 7.467652621764780951e-02
1.930319460513938434e-01 3.249140382557062778e-02 -8.848329225670426013e-01 -4.275537622606390697e-01 8.739420899882360816e-01 -5.969494700823690936e-01 -7.409059644387735455e-01 6.832015986634062399e-01 -3.959638644938633933e-01 1.830560180121932612e-01
-3.600898669750242087e-01 -6.170417336324434121e-01 -2.926684974209866064e-01 -6.090521867373061005e-01 -2.739832370736106082e-01 1.441743704200593446e-01 -6.968012986262830388e-01 2.672261488139910934e-01 -5.984290124634216168e-01 1.337098802934972609e-02
-6.396565543769837658e-01 -8.380708356630106604e-01 7.715503600718076616e-01 -4.237440361071316275e-01 -6.517090491608686920e-01 2.974896291567992110e-02 2.903322550621860176e-01 9.133488228644190965e-01 -5.130413699643223691e-01 2.528654648764784296e-01
2.221828956068904598e-02 2.333100007949451549e-01 2.649723923724320307e-01 -4.526377094254463440e-01 2.129028265091978123e-01 -1.011408391355141378e-01 3.862292860286328788e-01 3.969048890476494784e-01 5.708981757322122430e-01 1.906003719922255146e-01
1.879706171191690032e-03 -1.257112769043372269e-01 -1.082232843040402681e+00 1.908236834308110752e-02 3.777976675469308931e-01 -3.698415424191388579e-01 -2.233128579023965221e-01 4.143506356088147435e-01 5.580467465632096280e-01 -2.096873890086472236e-01
1.377095955333665356e-01 -8.298645450145517022e-02 6.133812616832622078e-02 2.237188829994710693e-01 1.051966521152221112e+00 -4.729192854248740474e-01 4.847075748952578422e-01 -4.598411346690309265e-01 1.530650804889284178e-01 2.321497533521071632e-01
2.915292527973208786e-02 -5.597059623790822114e-01 -2.346724680771022642e-01 -8.288101353771171187e-02 -4.247915755923226122e-02 1.827076121245332641e-01 -3.879019589029262249e-01 -5.822187889611352141e-01 1.698812099359202077e-01 -1.776979115011908528e+00
7.919622171334416150e-01 -6.096135560433713074e-01 4.059605667689861197e-01 -7.421524890891458837e-01 6.359395918491460575e-01 -3.222675138907456494e-01 -3.666359132616836547e-01 7.679393156706292300e-01 -3.768421823135553305e-03 -2.657303665573375051e-01
2.415274260783953075e-01 -2.147604056259356034e-02 -9.158138770443111087e-02 1.355859128745587616e-01 3.361858139445205729e-01 2.366197455830608420e-01 2.617666567515335996e-01 2.824957504392866525e-01 -5.103924331278264503e-01 -1.889332653379906524e-01
-4.282775038181572680e-01 -1.171292395694282007e+00 -4.525593029780015097e-01 -3.743108459871963278e-01 -6.940081873134876789e-01 -6.471326496132002726e-01 -4.819642394761350368e-01 5.190104009394054252e-01 -9.399171833158702638e-01 3.706723428767107198e-02
5.783811484405935177e-01 4.198947641673290709e-01 5.052224600521929565e-01 5.178732890349216911e-01 -1.640333487757895947e-01 -4.987167874846974991e-01 7.198574286424437307e-01 4.715951332558864784e-01 -8.653215407254221114e-01 3.252040512798942684e-01
-3.118171233964195377e-02 -4.091273430930897348e-02 -6.970708485849260727e-01 -9.296906092994582371e-01 8.509980965041639145e-01 -3.930515838859547362e-01 -9.335348661919157243e-01 -1.352089632337979408e+00 6.507465923002719865e-01 -8.330672540504627799e-01
7.580196708150019891e-01 5.295316111475391052e-01 -4.550191578812958770e-01 8.051564052284615469e-01 1.040000822906386457e-01 -2.470904078794557493e-02 -7.873404229939598986e-01 -7.518683676240954794e-01 -1.923976049671619615e-01 -3.183295207082419420e-01
1.098569837591521492e-01 8.880299686913559754e-01 -1.098129087759687206e+00 9.373181102173794299e-02 7.455989045866162623e-01 -1.001719162540933850e+00 -1.811359008867182485e+00 7.460616440164757890e-02 4.707759268949476827e-01 -7.522223428957370839e-01
2.153959154698817657e-01 8.770758216385027284e-01 -1.259345170952253845e+00 1.748901782010404915e+00 9.802564495823220536e-01 4.344850827104237423e-01 -1.120706047102872027e+00 3.592625903858720493e-01 3.554059992139068647e-01 -2.309610522423919954e-01
-3.450630658230026127e-01 7.106181990438626972e-01 -1.179632592504457733e+00 -2.341079810052678623e-01 7.127482869694717893e-01 1.257730554072730378e+00 -7.579612371350086253e-02 -3.083384271361788165e-01 6.689674003703908189e-01 -8.203196128671882414e-01
1.367388920164081811e-01 1.982162954953590184e-01 -2.604404541321884148e-01 -5.252930792262837378e-02 -1.117284718531255522e-01 3.212780466097227006e-01 9.773105197590428728e-02 2.501777673741134578e-01 -9.637160880856315837e-02 6.419149191922166597e-01
-3.387596762589059618e-01 -4.163604048733446916e-01 -4.274835426116775361e-01 9.210824651812422881e-02 5.530709901996253564e-01 -1.214578752462917854e-01 -7.009823266772903239e-01 1.161606445328467879e-01 -5.109876759629423670e-01 4.575176261661099975e-02
1.512271940119179203e-01 -5.798065621721418816e-01 3.221237136572688287e-02 2.949454741691595050e-01 4.120245902262519300e-01 6.443330924099903712e-01 8.921202446241388584e-01 8.938874558759527522e-01 -3.526968713549760714e-01 5.639635203977884093e-01
1.641547497373885001e-01 7.117907476367078823e-02 4.158421508351694551e-01 -2.190848270652458463e-01 9.650872098563112456e-01 1.816148519835513175e-01 -4.452486325002413814e-01 1.963548472863500538e-01 1.103705862032406393e-01 -8.286447157507152994e-01
1.111163973322310428e+00 -3.424995866019520663e-01 5.113248257106913774e-01 -3.099129685281621360e-01 1.184632480060792831e-01 -5.415400561171698213e-01 -3.325906441137432834e-01 4.312911717635078968e-01 1.405242198260200741e-02 -5.270064416730414480e-01
2.873048906591219587e-01 1.064133915538314074e-01 -2.720998628956021737e-01 -6.604627817279062896e-01 6.315034407122072091e-01 9.596493071173335665e-02 -1.383545249063697358e-01 -1.902971071389595592e-01 6.565446936040909565e-01 -1.970260033833974231e-02
-6.838317474457384915e-01 3.723371751368884097e-01 -1.118295014238210594e-01 -5.529682062236107587e-01 3.458753875658310273e-01 1.674827600654448800e-01 -5.272520794694561808e-01 -7.230161018024115760e-02 -9.969348851488602989e-03 3.423016689497587750e-01
2.482404218905873705e-01 -1.766666407490175006e-01 5.818006027859405904e-01 -6.006803064991820262e-01 6.974193889011675029e-01 7.958207177524097287e-02 1.172129598382314342e+00 1.424594006529625867e-01 2.284992094252968620e-01 -4.907416409143028901e-01
5.845937242903141984e-01 -1.999513408693853467e-01 4.899939972840519076e-01 -5.573850368888846329e-01 1.331910543815867098e-01 -4.522998648527658538e-01 -5.397170484170312754e-01 -3.339158226096655691e-01 -1.640616800733495362e-01 -2.522444219768928408e-01
-7.225965925155501957e-01 -5.832120375463399897e-01 -5.652034046434653014e-01 -2.841688188009249272e-01 1.628113535621779004e-02 -1.407558490835724430e-01 -2.820879482726144638e-01 -4.194747549072871950e-01 5.992396185803192665e-01 -1.639111676144812679e-01
-1.331998312079706037e-01 3.066616147780497625e-01 -1.796179177119264780e-01 -1.925772664048466809e-01 2.226216177837834695e-02 4.968559416818242869e-01 -2.609408464714209341e-02 8.072333564355348434e-01 -3.018655547314055276e-01 -1.061066714334738259e-01
5.509432656586293886e-02 1.493539736611248170e+00 -1.214015358893685059e+00 3.848609787502952351e-01 -4.475537774920592127e-01 -3.021650002533469159e-01 -9.914706649531017657e-01 -8.782878863205911824e-01 -2.068687790645977465e-01 -6.659727539521025363e-01
5.265890978783962506e-01 1.088083001323060905e+00 -2.238535457562192299e+00 1.969517183967108842e-01 -3.768884625671501953e-01 -5.438544351702271351e-01 -2.033285432076150645e-01 -1.212243527431988266e+00 1.727535674750902417e-01 -2.022678152694311893e-01
7.644718734689812667e-01 9.294077928876373074e-01 -9.266248400417524955e-01 4.494093890153963988e-01 1.325989380081787683e+00 2.829315204356719349e-01 -1.619180392584805839e+00 -7.672761287039974176e-01 -2.192351568829783437e-01 -7.119398382586377139e-01
3.575442815344609393e-02 -7.314591123320524080e-02 -3.037523377804667302e-01 1.086349251451173004e+00 9.180878135854191324e-01 -9.428958986618256599e-01 -1.653613628097200472e+00 -8.798503934696443318e-01 5.863168459141407940e-01 1.978712113427980035e-01
2.385056521779654604e-01 7.130032300609663309e-01 -8.911592496669327179e-01 3.857766575908881945e-01 1.627458746530591860e+00 2.615335214030538591e-01 -1.024211124293159303e+00 -1.242623291577199751e+00 -1.360132597751160799e-01 -3.885507732387243340e-01
8.588564160579761353e-01 -1.251226990768806169e-01 -3.296145911513907456e-01 1.041094394134982615e+00 -1.353624707655143311e-01 -1.381113611018264242e-01 3.715544247520549681e-01 -7.559987330180743814e-02 -3.771407287798200225e-01 2.772030910974894735e-01
-2.151862695520676272e-01 -2.868889618368212768e-01 -1.733982890592314918e-01 2.485695469114687986e-02 6.304454802519856571e-01 -3.872573667486518545e-01 -6.118736252938292153e-02 4.618139928619588441e-01 -5.876894969519932399e-01 -1.156997621085416872e-01
8.955810826526008350e-01 -7.552314335345147178e-01 7.040118211981953866e-01 4.310055282524107856e-01 -4.116594062939706866e-01 -4.402097748228848695e-01 1.183785535885538698e+00 -6.386572295635607466e-01 1.814344663872873298e-01 -8.686417725419703917e-02
7.843547245917042998e-01 2.672900777239662906e-01 1.840504012710474369e-01 3.419738382268504018e-01 4.187703482213145367e-01 -1.065577219022497274e-01 8.708271156663440760e-01 7.885240498347784177e-01 7.342791395873206062e-01 -3.227348768457656836e-01
-5.789308439063359790e-01 -1.642681811276583137e-01 7.494170687750801862e-01 2.666068283765474917e-02 9.511315293886190014e-01 7.464404671346057674e-01 6.455581445539085861e-01 -3.931501103061819657e-01 -1.802278102234177726e-01 8.175985670555364626e-01
5.573371474819250881e-01 -6.377153850322986491e-03 4.685412167387184579e-01 -1.834079898970026046e-01 -6.174768384909045116e-01 -2.382858460971531700e-01 1.162479397617842067e-02 3.560745882128089068e-01 -1.146412205130763473e-01 -1.627328385343950468e-01
7.665322905190949943e-01 -1.145178970373625482e+00 -1.268155735378885263e-01 2.656446569056621354e-01 -2.008576972083946088e-01 4.307823439334140248e-01 -3.937166490085529658e-01 -2.992388724162108882e-01 -7.243502946056992187e-01 1.549083526492729401e-01
9.252652761671062986e-01 6.730001186358998133e-01 9.817708175445459817e-01 4.809831547372509508e-01 7.347311593448647704e-01 -7.486217540512798974e-02 -5.780623732362082379e-01 -1.839626925729448137e-01 -9.233972688616588764e-02 3.288163934357452023e-01
4.247548876830046782e-01 -7.404328568538724731e-02 2.771130345973791820e-01 9.458443233650353221e-01 -6.715523909745746423e-01 -3.930871207935007217e-01 -2.014796390463695908e-01 1.201482454353415719e+00 -3.581146038773414531e-01 -9.411949840901667752e-01
1.834006899365635268e-01 -5.231584378631485427e-02 1.672469071602454282e-01 -6.373452566708078804e-01 4.452898170742949358e-01 -6.630489646267705428e-01 -2.138391701445599702e-01 -1.497682170542793845e+00 -4.640055555344074212e-01 2.164802975921679140e-01
6.124984871491311322e-01 6.317150577493625407e-01 -4.248689546510672765e-01 -1.015649294563938820e+00 1.891151580490521011e-01 -3.372285742077672510e-01 -1.918914034636230725e-01 1.231539300600726777e-01 -7.236207871803774783e-01 4.495940933206464818e-01
-1.141792597136398468e-01 1.287431499964927006e+00 -7.295956303685398048e-01 3.071857681051921030e-01 8.964719597595207645e-01 4.943233077090927741e-01 -8.720412941691174646e-01 -7.239429575121703042e-01 -1.692864367309637741e-01 -9.383190216273373796e-01
4.154352260625573390e-01 6.608498025028990419e-01 -1.190360605400842875e+00 -4.580276726233234452e-02 4.915750620314706110e-01 -4.195946272188240678e-01 -1.242624869448516467e-01 -3.732497306823643335e-01 -6.801446336070493537e-02 -5.631143120117401146e-01
1.791864298813101997e-01 3.535214076763066871e-01 -1.428444921613405416e+00 6.374607614731326866e-01 5.322862345309138377e-01 7.296569210990068166e-01 -5.194861481085072397e-01 2.329478416268014884e-01 1.842773221056042410e-01 -4.474004749619880372e-01
3.027062582370886323e-01 6.912166810032436270e-01 -1.003411094117663271e+00 5.277035399013059180e-01 3.004763363866197468e-01 4.534089660711031478e-01 -1.540991342654896012e+00 1.324269964197751781e-01 2.945679733943190048e-01 -5.667862802579488601e-01
-4.036498445125182855e-01 1.010645250917921456e-01 -1.341324704182677907e+00 8.261323743296116184e-01 -1.623271244836198002e-01 -4.464992346058518913e-02 -1.156712270080417992e+00 -1.248437408940638926e+00 2.100652151829226488e-01 1.995968514861244381e-01
2.886333811820146478e-01 5.461686693357805517e-02 3.568329545728419205e-01 -2.311653052249895701e-01 7.933550938830864485e-01 -1.496214705148882773e-01 -5.842389566279715396e-02 6.177614727806810535e-01 -1.302852096835444007e-01 -6.884989511194242739e-01
3.608587070013610787e-01 3.029580018633028504e-01 6.428703991749454283e-02 -3.025952417099270209e-01 -8.872350531043490807e-02 3.913937012277051569e-02 -8.799816254072210242e-01 6.229541181478904371e-02 2.700694884018904340e-01 -4.246035281746711743e-01
-5.380512858643970997e-01 -2.575356727358917852e-01 1.471037785729558123e-01 -5.357774447223145886e-01 -5.749276588581252456e-01 8.314909920725818693e-02 9.630324906872044233e-01 8.793033478656990809e-01 2.920265658521916524e-02 -8.260500873221532370e-01
-3.160271441510798529e-01 -7.846654109117930098e-02 4.082633431342020947e-01 3.254428831460084992e-01 9.692900392654933972e-01 -1.840737417521353114e-01 -1.703062640457558286e-01 -1.257153382874587333e-01 -7.208769951535533294e-02 6.872666220411924320e-02
8.522658641455604922e-01 -5.240905240115447672e-01 -4.777057359629234279e-01 6.298823065857313275e-02 3.828395664095298745e-01 3.831589768205940355e-02 5.802790383331718482e-02 4.094574752060532452e-01 -2.009378384057219080e-01 4.478713509623941103e-01
6.130657936662660124e-01 1.185641353466638376e-01 4.362535698108996884e-01 4.760527856820101489e-02 -5.067285652069215551e-01 -3.446700947410442084e-01 3.982577717383121718e-01 7.967304142936496580e-01 7.730758496269198865e-01 4.109890604604468090e-01
2.766195557047121389e-01 -3.504728437518885853e-01 -2.883848638662529495e-01 -2.968210715270811484e-01 -1.765361297981126454e-01 3.036690632228148876e-02 6.638467271674246550e-01 -7.227283135150115445e-01 1.249826828050222272e-01 4.797363409265029688e-01
-1.136721653509960017e-01 4.337254434104104717e-01 -8.961661391493980222e-01 -6.866442206343380261e-02 2.662426758861610177e-01 -3.049517602680388850e-01 1.300076380712084645e-01 4.216581084185184736e-01 8.928858499705390195e-02 -7.114569292685293256e-01
1.031145449578321660e+00 -4.233495984330303274e-01 -3.598736446573805869e-01 7.908122139265478800e-01 6.310224300691635868e-01 3.435285478972637252e-01 -5.165185677436189282e-01 -1.780636411422580889e-01 -7.262308451673121779e-01 -2.477172417139119343e-01
-6.210436014140648942e-01 1.155663832648250233e+00 -8.259348623637600140e-01 1.057894863631886062e-01 -2.986191750974008796e-01 3.934729505349964795e-01 -1.862293226360546283e-01 1.115509865465862116e-01 -4.321500734078654871e-01 -4.400118128851471799e-01
-1.759722499249977423e-01 1.476488979036900268e-02 2.754686793037799397e-01 8.583111363835092822e-02 -3.454803222423101228e-01 -3.362448508200962527e-01 9.202288164656091674e-01 3.540772834924486578e-01 -7.172950113975513631e-01 4.038382380586721943e-01
-2.550624034654771499e-01 7.424217003620837696e-01 7.491179800996535798e-01 -1.060891196872686182e+00 3.555251641934704665e-01 5.352604577176338640e-01 3.194566888146959105e-01 -2.515726509917911094e-02 -5.520978895069110770e-01 -6.017298308194145573e-01
-7.605234543961086890e-01 1.024958486178229711e+00 -1.154787918479685954e-01 -3.994329700758873503e-01 4.730798355802127708e-01 1.210008679720202089e-02 1.904473046455755492e-02 -2.625702604715234312e-01 1.542755566210118334e-01 -3.248553155140024989e-02
-1.206856307379110399e-01 -6.956829420686834187e-01 -6.713008966001978717e-01 9.839077381877366912e-01 2.121784443836216560e-01 1.475030846547800423e-01 1.290774612287303412e-02 -7.345183261801561947e-02 2.387121454237145779e-01 -2.958887656188454729e-01
-4.458745241693469752e-01 9.309778621125089915e-01 -1.496506062473720311e-01 5.350412963719592963e-01 1.379170220631672494e-01 -2.078512208244923942e-01 -4.173056566683422952e-01 -1.605343912076006851e-01 1.463608886280413912e-01 -4.017999435753509818e-01
7.313902543361783248e-02 5.986333038928344230e-01 1.451348796376003281e-01 -8.520931690414708104e-01 -2.101423504396319752e-01 -4.227904419487156229e-01 2.173645775168861205e-01 7.699432825247500833e-01 1.064534939444012895e-01 -5.785570661837040607e-01
5.230285731896853196e-01 1.874418214502319990e-01 -5.903919001634569952e-01 1.043725792174051925e+00 6.925035023980613547e-02 3.662942736609712813e-01 4.780774351564530122e-01 5.354113349903154573e-01 -9.241198103950033424e-03 5.094267309646552944e-01
